基数阶魔方阵：
（1）将1放在第一行中间一列；
（2）从2开始直到n×n止各数依次按下列规则存放；每一个数存放的行比前一个数的行数减1，列数加1；
（3）如果上一个数的行数为1，则下一个数的行数为n；例如1在第一行，则2应放在最下一行，列数同样加1；
（4）当上一个数的列数为n时，下一个数的列数应为1，行数减去1。例如2在第3行最后一列，则3应放在第二行第一列；
（5）如果按上面规则确定的位置上已有数，则把下一个数放在上一个数的下面（即每放置n个数后就将第n+1个数放在第n个数下面一格）。
下面给出两个奇数阶魔方阵例子：
（一）五阶：
   17    24     1     8    15
   23     5     7    14    16
    4     6    13    20    22
   10    12    19    21     3
   11    18    25     2     9
（二）九阶：
   47    58    69    80     1    12    23    34    45
   57    68    79     9    11    22    33    44    46
   67    78     8    10    21    32    43    54    56
   77     7    18    20    31    42    53    55    66
    6    17    19    30    41    52    63    65    76
   16    27    29    40    51    62    64    75     5
   26    28    39    50    61    72    74     4    15
   36    38    49    60    71    73     3    14    25
   37    48    59    70    81     2    13    24    35
